
Eigenvalues of the Correlation Matrix
             Eigenvalue   Difference   Proportion   Cumulative
  Factor 1       1.9001       0.3525       0.1462       0.1462
  Factor 2       1.5476       0.2100       0.1190       0.2652
  Factor 3       1.3376       0.0770       0.1029       0.3681
  Factor 4       1.2605       0.0396       0.0970       0.4651
  Factor 5       1.2210       0.1784       0.0939       0.5590
  Factor 6       1.0426       0.1665       0.0802       0.6392
  Factor 7       0.8761       0.0553       0.0674       0.7066
  Factor 8       0.8208       0.0627       0.0631       0.7697
  Factor 9       0.7581       0.0554       0.0583       0.8280
 Factor 10       0.7027       0.1202       0.0541       0.8821
 Factor 11       0.5825       0.0296       0.0448       0.9269
 Factor 12       0.5529       0.1554       0.0425       0.9694
 Factor 13       0.3975       0.0000       0.0306       1.0000

Factor Pattern
                Factor1    Factor2    Factor3    Factor4    Factor5    Factor6
X6              -0.2848    -0.3861     0.4045    -0.1489    -0.3350     0.2254
X7              -0.4122    -0.1184     0.5774    -0.2480    -0.1578     0.0224
X8               0.6083    -0.3253    -0.1442    -0.3222     0.1723    -0.1855
X9              -0.5641     0.1851    -0.2451    -0.3737    -0.0300    -0.2649
X10             -0.0411     0.6344     0.0542    -0.3347     0.2580     0.1850
X11             -0.5482    -0.0513    -0.0809    -0.0308     0.2830    -0.4466
X12             -0.0359    -0.5820     0.4182    -0.0299     0.3205    -0.0612
X13              0.0219     0.2660     0.4281     0.4011     0.5471     0.3278
X14              0.0670     0.5283     0.3744    -0.0518     0.1151    -0.3043
X15              0.2494     0.3788     0.2387    -0.0097    -0.6719     0.0188
X16             -0.4508    -0.0555    -0.4363     0.2474    -0.0352     0.4993
X17             -0.2001     0.0203    -0.0524    -0.6766     0.1675     0.4044
X18              0.5891    -0.0613    -0.0433    -0.3700     0.1028     0.1900

Final Communality Estimates
X6               0.5790
X7               0.6042
X8               0.6645
X9               0.6233
X10              0.6199
X11              0.5902
X12              0.6222
X13              0.8221
X14              0.5323
X15              0.7146
X16              0.7084
X17              0.6925
X18              0.5363

Variance Explained by Each Factor
SS Loadings              1.9001     1.5476     1.3376     1.2605     1.2210     1.0426
Proportion Var           0.1462     0.1190     0.1029     0.0970     0.0939     0.0802
Cumulative Var           0.1462     0.2652     0.3681     0.4651     0.5590     0.6392
